34337
33587
32950
32324
32177
31766
30908
30642
30994
31497
31567
31721
32304
32932
33723
34465
35016
35259
35575
36352
36833
36713
36504
36361
36329
36197
36151
35994
35654
35636
35904
36168
36198
36427
37003
37517
38024
38361
38683
39106
39688
40399
40601
40398
40658
40831
41061
41101
41221
41620
41795
41027
38611
36882
37209
36848
35253
33530
32272
31065
30118
30477
30365
29194
28793
29777
31246
31685
32090
33149
41922
42395
42864
42084
38660
36719
37232
37164
35483
32870
31398
30367
29352
29879
29658
28212
27636
28921
31255
31635
31670
32884
34102
35644
36825
37831
37852
37302
38284
39189
38910
37449
36225
35947
35132
34302
33457
32101
30991
30586
31036
30870
30181
30312
31028
31977
32532
33072
33760
34224
35119
36126
36497
36069
35565
35860
35848
35145