-26158   0       26158   0
-11195   11175   1154669         -3
-26338   -12143  72808   1
-6678    23911   76607   0
-21221   -5166   83951   2
-24821   25819   70062   0
-24901   25924   54027   1
5326     -11275  27260   -1
-15136   -6718   8279    2
13220    -1266   6640    0
-6551    5370    4235    -2
-2142    -9372   4806    1
6592     8290    5296    0
-10905   -2497   5593    2
13490    -2201   6834    0
-10372   7163    6302    -2
2513     -14784  7497    1
6231     21801   11337   -1
-15689   -28130  16104   2
17996    -26852  21332   -1
-6302    22159   21915   1
-2038    32402   16233   -1
281      -18514  9257    1
2472     10108   5203    -1
-6160    -4430   3793    2
8644     271     4324    0
-10029   4605    5517    -2
14315    -6271   7814    0
-14730   2327    7456    -2
8508     -471    4260    0
-4511    2028    2472    -2
2461     -2394   1716    0
116      2358    1180    -1
-1003    -2164   1192    2
1090     1059    760     0
-1783    -72     891     3
2056     -583    1068    0
-2715    2054    1702    -2
4345     -2305   2459    0
-3648    659     1853    -2
1820     -58     910     0
-1237    373     645     -2
806      -355    440     0
-268     341     216     -2
-8       -291    145     1
-13      91      46      -1
48       -39     31      0
151      134     101     0
-318     -108    167     2
436      -2      218     0
-267     -51     135     2
-139     136     97      -2
191      81      104     0
-16      -256    127     1
2        218     109     -1
-9       -99     49      1
-71      -42     40      2
94       114     74      0
-26      -89     45      1
-19      63      33      -1
57       -74     46      0
-23      33      20      -2
-48      66      41      -2
180      -82     99      0