23692    0       0       0
-23558   -22708  -19423  1
18326    -30732  24919   2
-20850   6782    10961   -3
-16398   10222   -26781  -2
29214    882     -29257  -2
-9576    -10792  28496   0
-15646   4316    -208    0
16992    19408   -18264  0
-22646   15982   -32767  0
20376    -26984  16907   0
-11580   822     5804    -4
-23628   4512    12027   -3
-6092    6138    4323    -3
11568    13530   8900    -1
17062    1294    8555    -1
958      -6842   3454    1
-13760   -13450  9621    2
-5994    -6304   4349    2
-19966   1450    10008   -4
-25308   -1332   12671   3
-28072   10016   14901   -3
22352    9190    22075   -3
-626     7716    3870    -2
10466    13042   8361    -1
5088     -1666   2677    0
-4278    -8812   4897    2
-3732    -2812   2336    2
550      4654    2342    -2
1006     5410    2750    -2
-348     -782    428     1
-1698    -6008   3122    1
-1294    2726    1508    -3
2792     6470    3523    -2
5920     494     2971    -1
7278     -6702   4947    0
14       -328    165     1
-1068    -96     535     3
-312     472     281     -3
-1450    -670    797     2
426      992     539     -2
1200     812     724     -1
-272     180     161     -3
-260     -252    181     2
1096     -866    698     0
216      -60     112     0
-1632    962     946     -3
-910     1060    697     -3
620      -90     314     0
1236     -486    664     0
304      -362    236     0
-1292    -814    763     2
-1306    -526    703     2
470      -24     235     0
1424     1824    1156    -1
-1358    390     706     -3
-1446    -1506   1044    2
244      -654    349     1
442      1126    604     -2
-4       742     370     -2
-482     24      240     -4
278      -1580   802     1
946      320     499     -1
230      1450    733     -2