35501
35460
35472
35089
33932
32412
31696
31960
32693
33336
33784
33996
34261
34801
35560
35921
35467
34834
34287
33927
33665
33408
33179
32898
32929
33394
34174
34785
34846
34703
34109
34853
35391
35616
35367
35416
35800
35910
35591
34986
34455
34074
33938
34156
33961
33504
33151
33407
33909
34273
34368
34017
33594
33405
33659
33798
33646
33402
33140
32942
33020
33177
33158
32986
33096
33419
33652
33814
33930
34078
34179
34508
34860
35056
35077
35150
35388
35694
35880
35955
35976
36046
36201
36467
36754
36932
37038
37061
36953
36987
37397
37465
37305
37429
37618
37545
37498
37576
37403
37109
37536
38638
39251
38323
37814
38328
39311
39824
39679
39947
40189
40299
40225
38751
35868
33348
32364
32500
32665
32535
32216
31878
32472
34184
36199
37058
36676
35939