31970    0       31970   0
596      -29574  133335  -2
31354    -29441  115188  2
23634    -20171  45711   0
-7178    12508   71879   -1
-14409   9058    228554  0
31831    -14176  82692   3
-28240   -17847  52184   0
5313     -1329   30118   3
31849    21117   19106   0
-22700   31206   20577   2
14638    -29025  19668   -1
-12078   27113   20137   1
3014     -30002  17831   -1
7230     -23745  12410   1
-18301   17012   12493   -2
27720    -9261   14613   0
30366    7983    18032   -2
-27747   -5998   19131   0
-24987   49      12493   -3
16479    7118    8975    0
-8121    -18295  10007   1
-8297    32333   16690   -1
-24752   23716   29207   0
25319    -13470  21206   2
17606    -10407  10226   0
-9946    12124   7840    -2
6343     -8669   5371    0
-5164    1298    2662    -2
7237     4236    4192    0
-9851    -9198   6738    2
9559     11021   7294    0
-8222    -7668   5621    2
6730     -839    3391    0
-24377   10156   13203   -2
17349    16791   12072   0
-8776    -10847  6975    2
-2002    7866    4058    -1
6654     -5454   4301    0
-11211   4583    6055    -2
11325    -1685   5725    0
-11340   1433    5715    -3
10167    1312    5126    0
-8754    -4295   4874    2
6335     6553    4557    0
-4802    -8552   4903    2
2564     9562    4950    -1
233      -10023  5012    1
-3037    10675   5549    -1
5532     -10067  5743    1
-8663    7007    5571    -2
9825     -203    4914    0
-3499    -5895   3427    2
5862     1183    2990    0
-6848    -3853   3928    2
6356     5827    4311    0
-3991    -7231   4129    2
2127     7480    3888    -1
363      -7637   3822    1
-1875    7795    4008    -1
3702     -7024   3969    1
-5292    5393    3777    -2
6497     -3732   3746    0
-7649    1773    3925    -2