2792     0       2792    0
5240     -11588  12717   -2
-5910    -27448  28077   -3
30724    29522   -22928  2
27786    -30658  -24160  0
-28592   14640   32122   -1
-4134    -6174   7430    2
-10760   2118    10966   -3
1532     6708    6880    -2
7918     -5654   9729    0
450      -4538   4560    1
-3260    -556    3307    2
4952     3292    5946    -1
4022     -3348   5233    0
-2920    -3874   4851    2
-2686    3746    4609    -3
3818     1592    4136    -1
1748     -3624   4023    1
-3522    -1118   3695    2
-730     3156    3239    -2
3198     576     3249    -1
-228     -2844   2853    1
-2952    288     2966    -4
324      2920    2937    -2
2224     -880    2391    0
-690     -2590   2680    1
-1860    650     1970    -3
608      1948    2040    -2
1888     -806    2052    0
-938     -2316   2498    1
-1860    806     2027    -3
1196     1896    2241    -2
1854     -1386   2314    0
-1574    -1458   2145    2
-1546    1356    2056    -3
1238     1368    1845    -1
886      -1078   1395    0
-1454    -352    1496    2
-576     1410    1523    -2
1672     366     1711    -1
464      -1498   1568    1
-1846    -156    1852    3
-404     1744    1790    -2
1772     -178    1780    0
-164     -1738   1745    1
-1606    242     1624    -3
392      1650    1695    -2
1664     -382    1707    0
-732     -1316   1505    2
-1542    468     1611    -3
814      1274    1511    -2
1398     -778    1599    0
-1094    -1160   1594    2
-1100    1072    1535    -3
1164     1080    1587    -1
904      -1238   1532    0
-1202    -916    1511    2
-490     1480    1559    -2
1068     496     1177    -1
728      -1676   1827    1
-1764    36      1764    -4
-170     1462    1471    -2
1590     148     1596    -1
64       -1432   1433    1