29258    0       29258   0
-5584    -7742   1116910         3
-15261   14266   10445   -2
8413     -18756  10278   1
-561     20756   10382   -1
-7175    -19873  10564   1
14235    16150   10764   0
-19658   -10012  11030   2
22440    1984    11263   0
-22057   6867    11550   -2
18449    -15251  11968   0
-12041   21930   12509   -2
3314     -25823  13017   1
6947     26343   13622   -1
-17371   -23136  14465   2
26368    16009   15424   0
-32607   -5363   16522   2
-30586   -7818   17906   0
-32409   22332   19679   -2
24168    28736   22013   0
-9611    -16028  25216   -1
-11617   7317    29682   1
-24930   -5180   36372   0
-15466   12942   48288   2
17892    23536   75406   0
-11881   1525    401664  -2
-18197   -2335   651847  0
-8850    -27888  248554  -2
-139     19056   81932   -1
-1888    -28230  46892   1
27675    -5421   33090   -1
27644    30966   25645   2
-26464   14162   20779   0
30904    1638    17334   -3
26886    -12694  14866   0
-17434   19196   12965   -2
7716     -21611  11473   1
1020     20530   10278   -1
-7923    -16765  9270    2
12487    11283   8414    0
-14558   -5107   7713    2
14214    -780    7118    0
-11859   5681    6574    -2
8127     -9161   6123    0
-3697    10811   5713    -1
-768     -10652  5339    1
4588     8948    5028    -1
-7253    -6088   4734    2
8578     2593    4480    0
-8504    969     4279    -3
7134     -4010   4091    0
-4737    6179    3892    -2
1796     -7228   3723    1
1169     7089    3592    -1
-3732    -5833   3461    2
5575     3707    3347    0
-6415    -1148   3258    2
6164     -1477   3169    0
-4928    3780    3105    -2
2951     -5355   3056    1
-534     5972    2998    -1
-1904    -5608   2960    1
3971     4318    2933    0
-5342    -2375   2922    2