34123
33726
33130
32593
32238
32087
32066
32034
31983
32057
32349
32813
33306
33879
34378
34783
35177
35485
35713
35945
36027
35873
35611
35431
35309
35142
34937
34738
34642
34722
34917
35176
35446
35776
36095
36435
36958
37434
37829
38217
38507
38720
38903
39086
39239
39346
39444
39532
39467
39317
39224
39288
39629
40179
40778
41395
41640
40429
37463
35214
35501
36579
36175
34221
31728
29995
29810
30512
30948
31177
31291
30874
30642
31920
34249
36018
36511
36040
35668
36417
37768
38438
37929
37145
36330
35408
34772
34488
34151
33488
32520
31619
31250
31728
32332
32376
32278
32599
33256
34011
34642
34971
35005
35038
34784
34225
34218
34656
34553
33736
32983
32741
32725
32800
32734
32445
32357
32602
32868
33217
33857
34501
34704
34831
35230
35669
36018
34403