34265
34146
34023
33912
33838
33786
33772
33822
33901
33973
34053
34173
34314
34477
34673
34891
35149
35445
35761
36114
36479
36786
37093
37367
37579
37770
37867
37883
37881
37809
37665
37437
37192
36904
36569
36245
35903
35553
35254
34982
34694
34477
34238
34093
33944
33857
33790
33753
33773
33820
33942
34062
34226
34333
34475
34561
34668
34720
34789
34865
34940
35009
35088
35183
35233
35305
35326
35377
35397
35411
35419
35423
35412
35409
35411
35393
35381
35360
35350
35298
35239
35111
35000
34898
34777
34608
34499
34408
34343
34221
34085
33907
33781
33673
33540
34953
34985
35051
35068
35131
35200
35261
35246
35293
35329
35322
35298
35311
35293
35260
35265
35283
35283
35251
35258
35219
35162
35095
35034
34926
34815
34739
34686
34623
34572
34533
34484
34382