17846
19032
43260
55878
38841
16515
20823
45615
55438
36253
15487
22838
47795
54654
33610
14761
25061
49778
53565
31005
14363
27434
51527
52185
28474
14296
29937
53030
50542
26038
14556
32519
54240
48652
23757
15145
35140
55143
46547
21650
16049
37758
55725
44271
19765
17244
40316
55990
41860
18126
18730
42804
55926
39332
16751
20475
45185
55542
36738
15663
22452
47395
54827
34130
14884
24613
49403
53814
31532
14414
26935
51199
52514
29011
14293
29396
52743
50949
26560
14468
31945
53993
49091
24253
14981
34543
54962
47039
22109
15811
37156
55629
44815
20182
16949
39744
55963
53360
30574
14325
27842
51788
51923
28051
14311
30358
53250
50239
25637
14624
32949
54404
48310
23384
15273
35588
55280
46163
21296
16229
38206
55790
43846
19449
17490
40786
56020
41412
